1024
-2.5,0,3|0,1,0|0,0|
-2.1875,0,3|0,1,0|0.0625,0|
-2.1875,0,2.625|0,1,0|0.0625,0.0625|
-2.5,0,2.625|0,1,0|0,0.0625|
-2.5,0,2.625|0,1,0|0,0.0625|
-2.1875,0,2.625|0,1,0|0.0625,0.0625|
-2.1875,0,2.25|0,1,0|0.0625,0.125|
-2.5,0,2.25|0,1,0|0,0.125|
-2.5,0,2.25|0,1,0|0,0.125|
-2.1875,0,2.25|0,1,0|0.0625,0.125|
-2.1875,0,1.875|0,1,0|0.0625,0.1875|
-2.5,0,1.875|0,1,0|0,0.1875|
-2.5,0,1.875|0,1,0|0,0.1875|
-2.1875,0,1.875|0,1,0|0.0625,0.1875|
-2.1875,0,1.5|0,1,0|0.0625,0.25|
-2.5,0,1.5|0,1,0|0,0.25|
-2.5,0,1.5|0,1,0|0,0.25|
-2.1875,0,1.5|0,1,0|0.0625,0.25|
-2.1875,0,1.125|0,1,0|0.0625,0.3125|
-2.5,0,1.125|0,1,0|0,0.3125|
-2.5,0,1.125|0,1,0|0,0.3125|
-2.1875,0,1.125|0,1,0|0.0625,0.3125|
-2.1875,0,0.75|0,1,0|0.0625,0.375|
-2.5,0,0.75|0,1,0|0,0.375|
-2.5,0,0.75|0,1,0|0,0.375|
-2.1875,0,0.75|0,1,0|0.0625,0.375|
-2.1875,0,0.375|0,1,0|0.0625,0.4375|
-2.5,0,0.375|0,1,0|0,0.4375|
-2.5,0,0.375|0,1,0|0,0.4375|
-2.1875,0,0.375|0,1,0|0.0625,0.4375|
-2.1875,0,0|0,1,0|0.0625,0.5|
-2.5,0,0|0,1,0|0,0.5|
-2.5,0,0|0,1,0|0,0.5|
-2.1875,0,0|0,1,0|0.0625,0.5|
-2.1875,0,-0.375|0,1,0|0.0625,0.5625|
-2.5,0,-0.375|0,1,0|0,0.5625|
-2.5,0,-0.375|0,1,0|0,0.5625|
-2.1875,0,-0.375|0,1,0|0.0625,0.5625|
-2.1875,0,-0.75|0,1,0|0.0625,0.625|
-2.5,0,-0.75|0,1,0|0,0.625|
-2.5,0,-0.75|0,1,0|0,0.625|
-2.1875,0,-0.75|0,1,0|0.0625,0.625|
-2.1875,0,-1.125|0,1,0|0.0625,0.6875|
-2.5,0,-1.125|0,1,0|0,0.6875|
-2.5,0,-1.125|0,1,0|0,0.6875|
-2.1875,0,-1.125|0,1,0|0.0625,0.6875|
-2.1875,0,-1.5|0,1,0|0.0625,0.75|
-2.5,0,-1.5|0,1,0|0,0.75|
-2.5,0,-1.5|0,1,0|0,0.75|
-2.1875,0,-1.5|0,1,0|0.0625,0.75|
-2.1875,0,-1.875|0,1,0|0.0625,0.8125|
-2.5,0,-1.875|0,1,0|0,0.8125|
-2.5,0,-1.875|0,1,0|0,0.8125|
-2.1875,0,-1.875|0,1,0|0.0625,0.8125|
-2.1875,0,-2.25|0,1,0|0.0625,0.875|
-2.5,0,-2.25|0,1,0|0,0.875|
-2.5,0,-2.25|0,1,0|0,0.875|
-2.1875,0,-2.25|0,1,0|0.0625,0.875|
-2.1875,0,-2.625|0,1,0|0.0625,0.9375|
-2.5,0,-2.625|0,1,0|0,0.9375|
-2.5,0,-2.625|0,1,0|0,0.9375|
-2.1875,0,-2.625|0,1,0|0.0625,0.9375|
-2.1875,0,-3|0,1,0|0.0625,1|
-2.5,0,-3|0,1,0|0,1|
-2.1875,0,3|0,1,0|0.0625,0|
-1.875,0,3|0,1,0|0.125,0|
-1.875,0,2.625|0,1,0|0.125,0.0625|
-2.1875,0,2.625|0,1,0|0.0625,0.0625|
-2.1875,0,2.625|0,1,0|0.0625,0.0625|
-1.875,0,2.625|0,1,0|0.125,0.0625|
-1.875,0,2.25|0,1,0|0.125,0.125|
-2.1875,0,2.25|0,1,0|0.0625,0.125|
-2.1875,0,2.25|0,1,0|0.0625,0.125|
-1.875,0,2.25|0,1,0|0.125,0.125|
-1.875,0,1.875|0,1,0|0.125,0.1875|
-2.1875,0,1.875|0,1,0|0.0625,0.1875|
-2.1875,0,1.875|0,1,0|0.0625,0.1875|
-1.875,0,1.875|0,1,0|0.125,0.1875|
-1.875,0,1.5|0,1,0|0.125,0.25|
-2.1875,0,1.5|0,1,0|0.0625,0.25|
-2.1875,0,1.5|0,1,0|0.0625,0.25|
-1.875,0,1.5|0,1,0|0.125,0.25|
-1.875,0,1.125|0,1,0|0.125,0.3125|
-2.1875,0,1.125|0,1,0|0.0625,0.3125|
-2.1875,0,1.125|0,1,0|0.0625,0.3125|
-1.875,0,1.125|0,1,0|0.125,0.3125|
-1.875,0,0.75|0,1,0|0.125,0.375|
-2.1875,0,0.75|0,1,0|0.0625,0.375|
-2.1875,0,0.75|0,1,0|0.0625,0.375|
-1.875,0,0.75|0,1,0|0.125,0.375|
-1.875,0,0.375|0,1,0|0.125,0.4375|
-2.1875,0,0.375|0,1,0|0.0625,0.4375|
-2.1875,0,0.375|0,1,0|0.0625,0.4375|
-1.875,0,0.375|0,1,0|0.125,0.4375|
-1.875,0,0|0,1,0|0.125,0.5|
-2.1875,0,0|0,1,0|0.0625,0.5|
-2.1875,0,0|0,1,0|0.0625,0.5|
-1.875,0,0|0,1,0|0.125,0.5|
-1.875,0,-0.375|0,1,0|0.125,0.5625|
-2.1875,0,-0.375|0,1,0|0.0625,0.5625|
-2.1875,0,-0.375|0,1,0|0.0625,0.5625|
-1.875,0,-0.375|0,1,0|0.125,0.5625|
-1.875,0,-0.75|0,1,0|0.125,0.625|
-2.1875,0,-0.75|0,1,0|0.0625,0.625|
-2.1875,0,-0.75|0,1,0|0.0625,0.625|
-1.875,0,-0.75|0,1,0|0.125,0.625|
-1.875,0,-1.125|0,1,0|0.125,0.6875|
-2.1875,0,-1.125|0,1,0|0.0625,0.6875|
-2.1875,0,-1.125|0,1,0|0.0625,0.6875|
-1.875,0,-1.125|0,1,0|0.125,0.6875|
-1.875,0,-1.5|0,1,0|0.125,0.75|
-2.1875,0,-1.5|0,1,0|0.0625,0.75|
-2.1875,0,-1.5|0,1,0|0.0625,0.75|
-1.875,0,-1.5|0,1,0|0.125,0.75|
-1.875,0,-1.875|0,1,0|0.125,0.8125|
-2.1875,0,-1.875|0,1,0|0.0625,0.8125|
-2.1875,0,-1.875|0,1,0|0.0625,0.8125|
-1.875,0,-1.875|0,1,0|0.125,0.8125|
-1.875,0,-2.25|0,1,0|0.125,0.875|
-2.1875,0,-2.25|0,1,0|0.0625,0.875|
-2.1875,0,-2.25|0,1,0|0.0625,0.875|
-1.875,0,-2.25|0,1,0|0.125,0.875|
-1.875,0,-2.625|0,1,0|0.125,0.9375|
-2.1875,0,-2.625|0,1,0|0.0625,0.9375|
-2.1875,0,-2.625|0,1,0|0.0625,0.9375|
-1.875,0,-2.625|0,1,0|0.125,0.9375|
-1.875,0,-3|0,1,0|0.125,1|
-2.1875,0,-3|0,1,0|0.0625,1|
-1.875,0,3|0,1,0|0.125,0|
-1.5625,0,3|0,1,0|0.1875,0|
-1.5625,0,2.625|0,1,0|0.1875,0.0625|
-1.875,0,2.625|0,1,0|0.125,0.0625|
-1.875,0,2.625|0,1,0|0.125,0.0625|
-1.5625,0,2.625|0,1,0|0.1875,0.0625|
-1.5625,0,2.25|0,1,0|0.1875,0.125|
-1.875,0,2.25|0,1,0|0.125,0.125|
-1.875,0,2.25|0,1,0|0.125,0.125|
-1.5625,0,2.25|0,1,0|0.1875,0.125|
-1.5625,0,1.875|0,1,0|0.1875,0.1875|
-1.875,0,1.875|0,1,0|0.125,0.1875|
-1.875,0,1.875|0,1,0|0.125,0.1875|
-1.5625,0,1.875|0,1,0|0.1875,0.1875|
-1.5625,0,1.5|0,1,0|0.1875,0.25|
-1.875,0,1.5|0,1,0|0.125,0.25|
-1.875,0,1.5|0,1,0|0.125,0.25|
-1.5625,0,1.5|0,1,0|0.1875,0.25|
-1.5625,0,1.125|0,1,0|0.1875,0.3125|
-1.875,0,1.125|0,1,0|0.125,0.3125|
-1.875,0,1.125|0,1,0|0.125,0.3125|
-1.5625,0,1.125|0,1,0|0.1875,0.3125|
-1.5625,0,0.75|0,1,0|0.1875,0.375|
-1.875,0,0.75|0,1,0|0.125,0.375|
-1.875,0,0.75|0,1,0|0.125,0.375|
-1.5625,0,0.75|0,1,0|0.1875,0.375|
-1.5625,0,0.375|0,1,0|0.1875,0.4375|
-1.875,0,0.375|0,1,0|0.125,0.4375|
-1.875,0,0.375|0,1,0|0.125,0.4375|
-1.5625,0,0.375|0,1,0|0.1875,0.4375|
-1.5625,0,0|0,1,0|0.1875,0.5|
-1.875,0,0|0,1,0|0.125,0.5|
-1.875,0,0|0,1,0|0.125,0.5|
-1.5625,0,0|0,1,0|0.1875,0.5|
-1.5625,0,-0.375|0,1,0|0.1875,0.5625|
-1.875,0,-0.375|0,1,0|0.125,0.5625|
-1.875,0,-0.375|0,1,0|0.125,0.5625|
-1.5625,0,-0.375|0,1,0|0.1875,0.5625|
-1.5625,0,-0.75|0,1,0|0.1875,0.625|
-1.875,0,-0.75|0,1,0|0.125,0.625|
-1.875,0,-0.75|0,1,0|0.125,0.625|
-1.5625,0,-0.75|0,1,0|0.1875,0.625|
-1.5625,0,-1.125|0,1,0|0.1875,0.6875|
-1.875,0,-1.125|0,1,0|0.125,0.6875|
-1.875,0,-1.125|0,1,0|0.125,0.6875|
-1.5625,0,-1.125|0,1,0|0.1875,0.6875|
-1.5625,0,-1.5|0,1,0|0.1875,0.75|
-1.875,0,-1.5|0,1,0|0.125,0.75|
-1.875,0,-1.5|0,1,0|0.125,0.75|
-1.5625,0,-1.5|0,1,0|0.1875,0.75|
-1.5625,0,-1.875|0,1,0|0.1875,0.8125|
-1.875,0,-1.875|0,1,0|0.125,0.8125|
-1.875,0,-1.875|0,1,0|0.125,0.8125|
-1.5625,0,-1.875|0,1,0|0.1875,0.8125|
-1.5625,0,-2.25|0,1,0|0.1875,0.875|
-1.875,0,-2.25|0,1,0|0.125,0.875|
-1.875,0,-2.25|0,1,0|0.125,0.875|
-1.5625,0,-2.25|0,1,0|0.1875,0.875|
-1.5625,0,-2.625|0,1,0|0.1875,0.9375|
-1.875,0,-2.625|0,1,0|0.125,0.9375|
-1.875,0,-2.625|0,1,0|0.125,0.9375|
-1.5625,0,-2.625|0,1,0|0.1875,0.9375|
-1.5625,0,-3|0,1,0|0.1875,1|
-1.875,0,-3|0,1,0|0.125,1|
-1.5625,0,3|0,1,0|0.1875,0|
-1.25,0,3|0,1,0|0.25,0|
-1.25,0,2.625|0,1,0|0.25,0.0625|
-1.5625,0,2.625|0,1,0|0.1875,0.0625|
-1.5625,0,2.625|0,1,0|0.1875,0.0625|
-1.25,0,2.625|0,1,0|0.25,0.0625|
-1.25,0,2.25|0,1,0|0.25,0.125|
-1.5625,0,2.25|0,1,0|0.1875,0.125|
-1.5625,0,2.25|0,1,0|0.1875,0.125|
-1.25,0,2.25|0,1,0|0.25,0.125|
-1.25,0,1.875|0,1,0|0.25,0.1875|
-1.5625,0,1.875|0,1,0|0.1875,0.1875|
-1.5625,0,1.875|0,1,0|0.1875,0.1875|
-1.25,0,1.875|0,1,0|0.25,0.1875|
-1.25,0,1.5|0,1,0|0.25,0.25|
-1.5625,0,1.5|0,1,0|0.1875,0.25|
-1.5625,0,1.5|0,1,0|0.1875,0.25|
-1.25,0,1.5|0,1,0|0.25,0.25|
-1.25,0,1.125|0,1,0|0.25,0.3125|
-1.5625,0,1.125|0,1,0|0.1875,0.3125|
-1.5625,0,1.125|0,1,0|0.1875,0.3125|
-1.25,0,1.125|0,1,0|0.25,0.3125|
-1.25,0,0.75|0,1,0|0.25,0.375|
-1.5625,0,0.75|0,1,0|0.1875,0.375|
-1.5625,0,0.75|0,1,0|0.1875,0.375|
-1.25,0,0.75|0,1,0|0.25,0.375|
-1.25,0,0.375|0,1,0|0.25,0.4375|
-1.5625,0,0.375|0,1,0|0.1875,0.4375|
-1.5625,0,0.375|0,1,0|0.1875,0.4375|
-1.25,0,0.375|0,1,0|0.25,0.4375|
-1.25,0,0|0,1,0|0.25,0.5|
-1.5625,0,0|0,1,0|0.1875,0.5|
-1.5625,0,0|0,1,0|0.1875,0.5|
-1.25,0,0|0,1,0|0.25,0.5|
-1.25,0,-0.375|0,1,0|0.25,0.5625|
-1.5625,0,-0.375|0,1,0|0.1875,0.5625|
-1.5625,0,-0.375|0,1,0|0.1875,0.5625|
-1.25,0,-0.375|0,1,0|0.25,0.5625|
-1.25,0,-0.75|0,1,0|0.25,0.625|
-1.5625,0,-0.75|0,1,0|0.1875,0.625|
-1.5625,0,-0.75|0,1,0|0.1875,0.625|
-1.25,0,-0.75|0,1,0|0.25,0.625|
-1.25,0,-1.125|0,1,0|0.25,0.6875|
-1.5625,0,-1.125|0,1,0|0.1875,0.6875|
-1.5625,0,-1.125|0,1,0|0.1875,0.6875|
-1.25,0,-1.125|0,1,0|0.25,0.6875|
-1.25,0,-1.5|0,1,0|0.25,0.75|
-1.5625,0,-1.5|0,1,0|0.1875,0.75|
-1.5625,0,-1.5|0,1,0|0.1875,0.75|
-1.25,0,-1.5|0,1,0|0.25,0.75|
-1.25,0,-1.875|0,1,0|0.25,0.8125|
-1.5625,0,-1.875|0,1,0|0.1875,0.8125|
-1.5625,0,-1.875|0,1,0|0.1875,0.8125|
-1.25,0,-1.875|0,1,0|0.25,0.8125|
-1.25,0,-2.25|0,1,0|0.25,0.875|
-1.5625,0,-2.25|0,1,0|0.1875,0.875|
-1.5625,0,-2.25|0,1,0|0.1875,0.875|
-1.25,0,-2.25|0,1,0|0.25,0.875|
-1.25,0,-2.625|0,1,0|0.25,0.9375|
-1.5625,0,-2.625|0,1,0|0.1875,0.9375|
-1.5625,0,-2.625|0,1,0|0.1875,0.9375|
-1.25,0,-2.625|0,1,0|0.25,0.9375|
-1.25,0,-3|0,1,0|0.25,1|
-1.5625,0,-3|0,1,0|0.1875,1|
-1.25,0,3|0,1,0|0.25,0|
-0.9375,0,3|0,1,0|0.3125,0|
-0.9375,0,2.625|0,1,0|0.3125,0.0625|
-1.25,0,2.625|0,1,0|0.25,0.0625|
-1.25,0,2.625|0,1,0|0.25,0.0625|
-0.9375,0,2.625|0,1,0|0.3125,0.0625|
-0.9375,0,2.25|0,1,0|0.3125,0.125|
-1.25,0,2.25|0,1,0|0.25,0.125|
-1.25,0,2.25|0,1,0|0.25,0.125|
-0.9375,0,2.25|0,1,0|0.3125,0.125|
-0.9375,0,1.875|0,1,0|0.3125,0.1875|
-1.25,0,1.875|0,1,0|0.25,0.1875|
-1.25,0,1.875|0,1,0|0.25,0.1875|
-0.9375,0,1.875|0,1,0|0.3125,0.1875|
-0.9375,0,1.5|0,1,0|0.3125,0.25|
-1.25,0,1.5|0,1,0|0.25,0.25|
-1.25,0,1.5|0,1,0|0.25,0.25|
-0.9375,0,1.5|0,1,0|0.3125,0.25|
-0.9375,0,1.125|0,1,0|0.3125,0.3125|
-1.25,0,1.125|0,1,0|0.25,0.3125|
-1.25,0,1.125|0,1,0|0.25,0.3125|
-0.9375,0,1.125|0,1,0|0.3125,0.3125|
-0.9375,0,0.75|0,1,0|0.3125,0.375|
-1.25,0,0.75|0,1,0|0.25,0.375|
-1.25,0,0.75|0,1,0|0.25,0.375|
-0.9375,0,0.75|0,1,0|0.3125,0.375|
-0.9375,0,0.375|0,1,0|0.3125,0.4375|
-1.25,0,0.375|0,1,0|0.25,0.4375|
-1.25,0,0.375|0,1,0|0.25,0.4375|
-0.9375,0,0.375|0,1,0|0.3125,0.4375|
-0.9375,0,0|0,1,0|0.3125,0.5|
-1.25,0,0|0,1,0|0.25,0.5|
-1.25,0,0|0,1,0|0.25,0.5|
-0.9375,0,0|0,1,0|0.3125,0.5|
-0.9375,0,-0.375|0,1,0|0.3125,0.5625|
-1.25,0,-0.375|0,1,0|0.25,0.5625|
-1.25,0,-0.375|0,1,0|0.25,0.5625|
-0.9375,0,-0.375|0,1,0|0.3125,0.5625|
-0.9375,0,-0.75|0,1,0|0.3125,0.625|
-1.25,0,-0.75|0,1,0|0.25,0.625|
-1.25,0,-0.75|0,1,0|0.25,0.625|
-0.9375,0,-0.75|0,1,0|0.3125,0.625|
-0.9375,0,-1.125|0,1,0|0.3125,0.6875|
-1.25,0,-1.125|0,1,0|0.25,0.6875|
-1.25,0,-1.125|0,1,0|0.25,0.6875|
-0.9375,0,-1.125|0,1,0|0.3125,0.6875|
-0.9375,0,-1.5|0,1,0|0.3125,0.75|
-1.25,0,-1.5|0,1,0|0.25,0.75|
-1.25,0,-1.5|0,1,0|0.25,0.75|
-0.9375,0,-1.5|0,1,0|0.3125,0.75|
-0.9375,0,-1.875|0,1,0|0.3125,0.8125|
-1.25,0,-1.875|0,1,0|0.25,0.8125|
-1.25,0,-1.875|0,1,0|0.25,0.8125|
-0.9375,0,-1.875|0,1,0|0.3125,0.8125|
-0.9375,0,-2.25|0,1,0|0.3125,0.875|
-1.25,0,-2.25|0,1,0|0.25,0.875|
-1.25,0,-2.25|0,1,0|0.25,0.875|
-0.9375,0,-2.25|0,1,0|0.3125,0.875|
-0.9375,0,-2.625|0,1,0|0.3125,0.9375|
-1.25,0,-2.625|0,1,0|0.25,0.9375|
-1.25,0,-2.625|0,1,0|0.25,0.9375|
-0.9375,0,-2.625|0,1,0|0.3125,0.9375|
-0.9375,0,-3|0,1,0|0.3125,1|
-1.25,0,-3|0,1,0|0.25,1|
-0.9375,0,3|0,1,0|0.3125,0|
-0.625,0,3|0,1,0|0.375,0|
-0.625,0,2.625|0,1,0|0.375,0.0625|
-0.9375,0,2.625|0,1,0|0.3125,0.0625|
-0.9375,0,2.625|0,1,0|0.3125,0.0625|
-0.625,0,2.625|0,1,0|0.375,0.0625|
-0.625,0,2.25|0,1,0|0.375,0.125|
-0.9375,0,2.25|0,1,0|0.3125,0.125|
-0.9375,0,2.25|0,1,0|0.3125,0.125|
-0.625,0,2.25|0,1,0|0.375,0.125|
-0.625,0,1.875|0,1,0|0.375,0.1875|
-0.9375,0,1.875|0,1,0|0.3125,0.1875|
-0.9375,0,1.875|0,1,0|0.3125,0.1875|
-0.625,0,1.875|0,1,0|0.375,0.1875|
-0.625,0,1.5|0,1,0|0.375,0.25|
-0.9375,0,1.5|0,1,0|0.3125,0.25|
-0.9375,0,1.5|0,1,0|0.3125,0.25|
-0.625,0,1.5|0,1,0|0.375,0.25|
-0.625,0,1.125|0,1,0|0.375,0.3125|
-0.9375,0,1.125|0,1,0|0.3125,0.3125|
-0.9375,0,1.125|0,1,0|0.3125,0.3125|
-0.625,0,1.125|0,1,0|0.375,0.3125|
-0.625,0,0.75|0,1,0|0.375,0.375|
-0.9375,0,0.75|0,1,0|0.3125,0.375|
-0.9375,0,0.75|0,1,0|0.3125,0.375|
-0.625,0,0.75|0,1,0|0.375,0.375|
-0.625,0,0.375|0,1,0|0.375,0.4375|
-0.9375,0,0.375|0,1,0|0.3125,0.4375|
-0.9375,0,0.375|0,1,0|0.3125,0.4375|
-0.625,0,0.375|0,1,0|0.375,0.4375|
-0.625,0,0|0,1,0|0.375,0.5|
-0.9375,0,0|0,1,0|0.3125,0.5|
-0.9375,0,0|0,1,0|0.3125,0.5|
-0.625,0,0|0,1,0|0.375,0.5|
-0.625,0,-0.375|0,1,0|0.375,0.5625|
-0.9375,0,-0.375|0,1,0|0.3125,0.5625|
-0.9375,0,-0.375|0,1,0|0.3125,0.5625|
-0.625,0,-0.375|0,1,0|0.375,0.5625|
-0.625,0,-0.75|0,1,0|0.375,0.625|
-0.9375,0,-0.75|0,1,0|0.3125,0.625|
-0.9375,0,-0.75|0,1,0|0.3125,0.625|
-0.625,0,-0.75|0,1,0|0.375,0.625|
-0.625,0,-1.125|0,1,0|0.375,0.6875|
-0.9375,0,-1.125|0,1,0|0.3125,0.6875|
-0.9375,0,-1.125|0,1,0|0.3125,0.6875|
-0.625,0,-1.125|0,1,0|0.375,0.6875|
-0.625,0,-1.5|0,1,0|0.375,0.75|
-0.9375,0,-1.5|0,1,0|0.3125,0.75|
-0.9375,0,-1.5|0,1,0|0.3125,0.75|
-0.625,0,-1.5|0,1,0|0.375,0.75|
-0.625,0,-1.875|0,1,0|0.375,0.8125|
-0.9375,0,-1.875|0,1,0|0.3125,0.8125|
-0.9375,0,-1.875|0,1,0|0.3125,0.8125|
-0.625,0,-1.875|0,1,0|0.375,0.8125|
-0.625,0,-2.25|0,1,0|0.375,0.875|
-0.9375,0,-2.25|0,1,0|0.3125,0.875|
-0.9375,0,-2.25|0,1,0|0.3125,0.875|
-0.625,0,-2.25|0,1,0|0.375,0.875|
-0.625,0,-2.625|0,1,0|0.375,0.9375|
-0.9375,0,-2.625|0,1,0|0.3125,0.9375|
-0.9375,0,-2.625|0,1,0|0.3125,0.9375|
-0.625,0,-2.625|0,1,0|0.375,0.9375|
-0.625,0,-3|0,1,0|0.375,1|
-0.9375,0,-3|0,1,0|0.3125,1|
-0.625,0,3|0,1,0|0.375,0|
-0.3125,0,3|0,1,0|0.4375,0|
-0.3125,0,2.625|0,1,0|0.4375,0.0625|
-0.625,0,2.625|0,1,0|0.375,0.0625|
-0.625,0,2.625|0,1,0|0.375,0.0625|
-0.3125,0,2.625|0,1,0|0.4375,0.0625|
-0.3125,0,2.25|0,1,0|0.4375,0.125|
-0.625,0,2.25|0,1,0|0.375,0.125|
-0.625,0,2.25|0,1,0|0.375,0.125|
-0.3125,0,2.25|0,1,0|0.4375,0.125|
-0.3125,0,1.875|0,1,0|0.4375,0.1875|
-0.625,0,1.875|0,1,0|0.375,0.1875|
-0.625,0,1.875|0,1,0|0.375,0.1875|
-0.3125,0,1.875|0,1,0|0.4375,0.1875|
-0.3125,0,1.5|0,1,0|0.4375,0.25|
-0.625,0,1.5|0,1,0|0.375,0.25|
-0.625,0,1.5|0,1,0|0.375,0.25|
-0.3125,0,1.5|0,1,0|0.4375,0.25|
-0.3125,0,1.125|0,1,0|0.4375,0.3125|
-0.625,0,1.125|0,1,0|0.375,0.3125|
-0.625,0,1.125|0,1,0|0.375,0.3125|
-0.3125,0,1.125|0,1,0|0.4375,0.3125|
-0.3125,0,0.75|0,1,0|0.4375,0.375|
-0.625,0,0.75|0,1,0|0.375,0.375|
-0.625,0,0.75|0,1,0|0.375,0.375|
-0.3125,0,0.75|0,1,0|0.4375,0.375|
-0.3125,0,0.375|0,1,0|0.4375,0.4375|
-0.625,0,0.375|0,1,0|0.375,0.4375|
-0.625,0,0.375|0,1,0|0.375,0.4375|
-0.3125,0,0.375|0,1,0|0.4375,0.4375|
-0.3125,0,0|0,1,0|0.4375,0.5|
-0.625,0,0|0,1,0|0.375,0.5|
-0.625,0,0|0,1,0|0.375,0.5|
-0.3125,0,0|0,1,0|0.4375,0.5|
-0.3125,0,-0.375|0,1,0|0.4375,0.5625|
-0.625,0,-0.375|0,1,0|0.375,0.5625|
-0.625,0,-0.375|0,1,0|0.375,0.5625|
-0.3125,0,-0.375|0,1,0|0.4375,0.5625|
-0.3125,0,-0.75|0,1,0|0.4375,0.625|
-0.625,0,-0.75|0,1,0|0.375,0.625|
-0.625,0,-0.75|0,1,0|0.375,0.625|
-0.3125,0,-0.75|0,1,0|0.4375,0.625|
-0.3125,0,-1.125|0,1,0|0.4375,0.6875|
-0.625,0,-1.125|0,1,0|0.375,0.6875|
-0.625,0,-1.125|0,1,0|0.375,0.6875|
-0.3125,0,-1.125|0,1,0|0.4375,0.6875|
-0.3125,0,-1.5|0,1,0|0.4375,0.75|
-0.625,0,-1.5|0,1,0|0.375,0.75|
-0.625,0,-1.5|0,1,0|0.375,0.75|
-0.3125,0,-1.5|0,1,0|0.4375,0.75|
-0.3125,0,-1.875|0,1,0|0.4375,0.8125|
-0.625,0,-1.875|0,1,0|0.375,0.8125|
-0.625,0,-1.875|0,1,0|0.375,0.8125|
-0.3125,0,-1.875|0,1,0|0.4375,0.8125|
-0.3125,0,-2.25|0,1,0|0.4375,0.875|
-0.625,0,-2.25|0,1,0|0.375,0.875|
-0.625,0,-2.25|0,1,0|0.375,0.875|
-0.3125,0,-2.25|0,1,0|0.4375,0.875|
-0.3125,0,-2.625|0,1,0|0.4375,0.9375|
-0.625,0,-2.625|0,1,0|0.375,0.9375|
-0.625,0,-2.625|0,1,0|0.375,0.9375|
-0.3125,0,-2.625|0,1,0|0.4375,0.9375|
-0.3125,0,-3|0,1,0|0.4375,1|
-0.625,0,-3|0,1,0|0.375,1|
-0.3125,0,3|0,1,0|0.4375,0|
0,0,3|0,1,0|0.5,0|
0,0,2.625|0,1,0|0.5,0.0625|
-0.3125,0,2.625|0,1,0|0.4375,0.0625|
-0.3125,0,2.625|0,1,0|0.4375,0.0625|
0,0,2.625|0,1,0|0.5,0.0625|
0,0,2.25|0,1,0|0.5,0.125|
-0.3125,0,2.25|0,1,0|0.4375,0.125|
-0.3125,0,2.25|0,1,0|0.4375,0.125|
0,0,2.25|0,1,0|0.5,0.125|
0,0,1.875|0,1,0|0.5,0.1875|
-0.3125,0,1.875|0,1,0|0.4375,0.1875|
-0.3125,0,1.875|0,1,0|0.4375,0.1875|
0,0,1.875|0,1,0|0.5,0.1875|
0,0,1.5|0,1,0|0.5,0.25|
-0.3125,0,1.5|0,1,0|0.4375,0.25|
-0.3125,0,1.5|0,1,0|0.4375,0.25|
0,0,1.5|0,1,0|0.5,0.25|
0,0,1.125|0,1,0|0.5,0.3125|
-0.3125,0,1.125|0,1,0|0.4375,0.3125|
-0.3125,0,1.125|0,1,0|0.4375,0.3125|
0,0,1.125|0,1,0|0.5,0.3125|
0,0,0.75|0,1,0|0.5,0.375|
-0.3125,0,0.75|0,1,0|0.4375,0.375|
-0.3125,0,0.75|0,1,0|0.4375,0.375|
0,0,0.75|0,1,0|0.5,0.375|
0,0,0.375|0,1,0|0.5,0.4375|
-0.3125,0,0.375|0,1,0|0.4375,0.4375|
-0.3125,0,0.375|0,1,0|0.4375,0.4375|
0,0,0.375|0,1,0|0.5,0.4375|
0,0,0|0,1,0|0.5,0.5|
-0.3125,0,0|0,1,0|0.4375,0.5|
-0.3125,0,0|0,1,0|0.4375,0.5|
0,0,0|0,1,0|0.5,0.5|
0,0,-0.375|0,1,0|0.5,0.5625|
-0.3125,0,-0.375|0,1,0|0.4375,0.5625|
-0.3125,0,-0.375|0,1,0|0.4375,0.5625|
0,0,-0.375|0,1,0|0.5,0.5625|
0,0,-0.75|0,1,0|0.5,0.625|
-0.3125,0,-0.75|0,1,0|0.4375,0.625|
-0.3125,0,-0.75|0,1,0|0.4375,0.625|
0,0,-0.75|0,1,0|0.5,0.625|
0,0,-1.125|0,1,0|0.5,0.6875|
-0.3125,0,-1.125|0,1,0|0.4375,0.6875|
-0.3125,0,-1.125|0,1,0|0.4375,0.6875|
0,0,-1.125|0,1,0|0.5,0.6875|
0,0,-1.5|0,1,0|0.5,0.75|
-0.3125,0,-1.5|0,1,0|0.4375,0.75|
-0.3125,0,-1.5|0,1,0|0.4375,0.75|
0,0,-1.5|0,1,0|0.5,0.75|
0,0,-1.875|0,1,0|0.5,0.8125|
-0.3125,0,-1.875|0,1,0|0.4375,0.8125|
-0.3125,0,-1.875|0,1,0|0.4375,0.8125|
0,0,-1.875|0,1,0|0.5,0.8125|
0,0,-2.25|0,1,0|0.5,0.875|
-0.3125,0,-2.25|0,1,0|0.4375,0.875|
-0.3125,0,-2.25|0,1,0|0.4375,0.875|
0,0,-2.25|0,1,0|0.5,0.875|
0,0,-2.625|0,1,0|0.5,0.9375|
-0.3125,0,-2.625|0,1,0|0.4375,0.9375|
-0.3125,0,-2.625|0,1,0|0.4375,0.9375|
0,0,-2.625|0,1,0|0.5,0.9375|
0,0,-3|0,1,0|0.5,1|
-0.3125,0,-3|0,1,0|0.4375,1|
0,0,3|0,1,0|0.5,0|
0.3125,0,3|0,1,0|0.5625,0|
0.3125,0,2.625|0,1,0|0.5625,0.0625|
0,0,2.625|0,1,0|0.5,0.0625|
0,0,2.625|0,1,0|0.5,0.0625|
0.3125,0,2.625|0,1,0|0.5625,0.0625|
0.3125,0,2.25|0,1,0|0.5625,0.125|
0,0,2.25|0,1,0|0.5,0.125|
0,0,2.25|0,1,0|0.5,0.125|
0.3125,0,2.25|0,1,0|0.5625,0.125|
0.3125,0,1.875|0,1,0|0.5625,0.1875|
0,0,1.875|0,1,0|0.5,0.1875|
0,0,1.875|0,1,0|0.5,0.1875|
0.3125,0,1.875|0,1,0|0.5625,0.1875|
0.3125,0,1.5|0,1,0|0.5625,0.25|
0,0,1.5|0,1,0|0.5,0.25|
0,0,1.5|0,1,0|0.5,0.25|
0.3125,0,1.5|0,1,0|0.5625,0.25|
0.3125,0,1.125|0,1,0|0.5625,0.3125|
0,0,1.125|0,1,0|0.5,0.3125|
0,0,1.125|0,1,0|0.5,0.3125|
0.3125,0,1.125|0,1,0|0.5625,0.3125|
0.3125,0,0.75|0,1,0|0.5625,0.375|
0,0,0.75|0,1,0|0.5,0.375|
0,0,0.75|0,1,0|0.5,0.375|
0.3125,0,0.75|0,1,0|0.5625,0.375|
0.3125,0,0.375|0,1,0|0.5625,0.4375|
0,0,0.375|0,1,0|0.5,0.4375|
0,0,0.375|0,1,0|0.5,0.4375|
0.3125,0,0.375|0,1,0|0.5625,0.4375|
0.3125,0,0|0,1,0|0.5625,0.5|
0,0,0|0,1,0|0.5,0.5|
0,0,0|0,1,0|0.5,0.5|
0.3125,0,0|0,1,0|0.5625,0.5|
0.3125,0,-0.375|0,1,0|0.5625,0.5625|
0,0,-0.375|0,1,0|0.5,0.5625|
0,0,-0.375|0,1,0|0.5,0.5625|
0.3125,0,-0.375|0,1,0|0.5625,0.5625|
0.3125,0,-0.75|0,1,0|0.5625,0.625|
0,0,-0.75|0,1,0|0.5,0.625|
0,0,-0.75|0,1,0|0.5,0.625|
0.3125,0,-0.75|0,1,0|0.5625,0.625|
0.3125,0,-1.125|0,1,0|0.5625,0.6875|
0,0,-1.125|0,1,0|0.5,0.6875|
0,0,-1.125|0,1,0|0.5,0.6875|
0.3125,0,-1.125|0,1,0|0.5625,0.6875|
0.3125,0,-1.5|0,1,0|0.5625,0.75|
0,0,-1.5|0,1,0|0.5,0.75|
0,0,-1.5|0,1,0|0.5,0.75|
0.3125,0,-1.5|0,1,0|0.5625,0.75|
0.3125,0,-1.875|0,1,0|0.5625,0.8125|
0,0,-1.875|0,1,0|0.5,0.8125|
0,0,-1.875|0,1,0|0.5,0.8125|
0.3125,0,-1.875|0,1,0|0.5625,0.8125|
0.3125,0,-2.25|0,1,0|0.5625,0.875|
0,0,-2.25|0,1,0|0.5,0.875|
0,0,-2.25|0,1,0|0.5,0.875|
0.3125,0,-2.25|0,1,0|0.5625,0.875|
0.3125,0,-2.625|0,1,0|0.5625,0.9375|
0,0,-2.625|0,1,0|0.5,0.9375|
0,0,-2.625|0,1,0|0.5,0.9375|
0.3125,0,-2.625|0,1,0|0.5625,0.9375|
0.3125,0,-3|0,1,0|0.5625,1|
0,0,-3|0,1,0|0.5,1|
0.3125,0,3|0,1,0|0.5625,0|
0.625,0,3|0,1,0|0.625,0|
0.625,0,2.625|0,1,0|0.625,0.0625|
0.3125,0,2.625|0,1,0|0.5625,0.0625|
0.3125,0,2.625|0,1,0|0.5625,0.0625|
0.625,0,2.625|0,1,0|0.625,0.0625|
0.625,0,2.25|0,1,0|0.625,0.125|
0.3125,0,2.25|0,1,0|0.5625,0.125|
0.3125,0,2.25|0,1,0|0.5625,0.125|
0.625,0,2.25|0,1,0|0.625,0.125|
0.625,0,1.875|0,1,0|0.625,0.1875|
0.3125,0,1.875|0,1,0|0.5625,0.1875|
0.3125,0,1.875|0,1,0|0.5625,0.1875|
0.625,0,1.875|0,1,0|0.625,0.1875|
0.625,0,1.5|0,1,0|0.625,0.25|
0.3125,0,1.5|0,1,0|0.5625,0.25|
0.3125,0,1.5|0,1,0|0.5625,0.25|
0.625,0,1.5|0,1,0|0.625,0.25|
0.625,0,1.125|0,1,0|0.625,0.3125|
0.3125,0,1.125|0,1,0|0.5625,0.3125|
0.3125,0,1.125|0,1,0|0.5625,0.3125|
0.625,0,1.125|0,1,0|0.625,0.3125|
0.625,0,0.75|0,1,0|0.625,0.375|
0.3125,0,0.75|0,1,0|0.5625,0.375|
0.3125,0,0.75|0,1,0|0.5625,0.375|
0.625,0,0.75|0,1,0|0.625,0.375|
0.625,0,0.375|0,1,0|0.625,0.4375|
0.3125,0,0.375|0,1,0|0.5625,0.4375|
0.3125,0,0.375|0,1,0|0.5625,0.4375|
0.625,0,0.375|0,1,0|0.625,0.4375|
0.625,0,0|0,1,0|0.625,0.5|
0.3125,0,0|0,1,0|0.5625,0.5|
0.3125,0,0|0,1,0|0.5625,0.5|
0.625,0,0|0,1,0|0.625,0.5|
0.625,0,-0.375|0,1,0|0.625,0.5625|
0.3125,0,-0.375|0,1,0|0.5625,0.5625|
0.3125,0,-0.375|0,1,0|0.5625,0.5625|
0.625,0,-0.375|0,1,0|0.625,0.5625|
0.625,0,-0.75|0,1,0|0.625,0.625|
0.3125,0,-0.75|0,1,0|0.5625,0.625|
0.3125,0,-0.75|0,1,0|0.5625,0.625|
0.625,0,-0.75|0,1,0|0.625,0.625|
0.625,0,-1.125|0,1,0|0.625,0.6875|
0.3125,0,-1.125|0,1,0|0.5625,0.6875|
0.3125,0,-1.125|0,1,0|0.5625,0.6875|
0.625,0,-1.125|0,1,0|0.625,0.6875|
0.625,0,-1.5|0,1,0|0.625,0.75|
0.3125,0,-1.5|0,1,0|0.5625,0.75|
0.3125,0,-1.5|0,1,0|0.5625,0.75|
0.625,0,-1.5|0,1,0|0.625,0.75|
0.625,0,-1.875|0,1,0|0.625,0.8125|
0.3125,0,-1.875|0,1,0|0.5625,0.8125|
0.3125,0,-1.875|0,1,0|0.5625,0.8125|
0.625,0,-1.875|0,1,0|0.625,0.8125|
0.625,0,-2.25|0,1,0|0.625,0.875|
0.3125,0,-2.25|0,1,0|0.5625,0.875|
0.3125,0,-2.25|0,1,0|0.5625,0.875|
0.625,0,-2.25|0,1,0|0.625,0.875|
0.625,0,-2.625|0,1,0|0.625,0.9375|
0.3125,0,-2.625|0,1,0|0.5625,0.9375|
0.3125,0,-2.625|0,1,0|0.5625,0.9375|
0.625,0,-2.625|0,1,0|0.625,0.9375|
0.625,0,-3|0,1,0|0.625,1|
0.3125,0,-3|0,1,0|0.5625,1|
0.625,0,3|0,1,0|0.625,0|
0.9375,0,3|0,1,0|0.6875,0|
0.9375,0,2.625|0,1,0|0.6875,0.0625|
0.625,0,2.625|0,1,0|0.625,0.0625|
0.625,0,2.625|0,1,0|0.625,0.0625|
0.9375,0,2.625|0,1,0|0.6875,0.0625|
0.9375,0,2.25|0,1,0|0.6875,0.125|
0.625,0,2.25|0,1,0|0.625,0.125|
0.625,0,2.25|0,1,0|0.625,0.125|
0.9375,0,2.25|0,1,0|0.6875,0.125|
0.9375,0,1.875|0,1,0|0.6875,0.1875|
0.625,0,1.875|0,1,0|0.625,0.1875|
0.625,0,1.875|0,1,0|0.625,0.1875|
0.9375,0,1.875|0,1,0|0.6875,0.1875|
0.9375,0,1.5|0,1,0|0.6875,0.25|
0.625,0,1.5|0,1,0|0.625,0.25|
0.625,0,1.5|0,1,0|0.625,0.25|
0.9375,0,1.5|0,1,0|0.6875,0.25|
0.9375,0,1.125|0,1,0|0.6875,0.3125|
0.625,0,1.125|0,1,0|0.625,0.3125|
0.625,0,1.125|0,1,0|0.625,0.3125|
0.9375,0,1.125|0,1,0|0.6875,0.3125|
0.9375,0,0.75|0,1,0|0.6875,0.375|
0.625,0,0.75|0,1,0|0.625,0.375|
0.625,0,0.75|0,1,0|0.625,0.375|
0.9375,0,0.75|0,1,0|0.6875,0.375|
0.9375,0,0.375|0,1,0|0.6875,0.4375|
0.625,0,0.375|0,1,0|0.625,0.4375|
0.625,0,0.375|0,1,0|0.625,0.4375|
0.9375,0,0.375|0,1,0|0.6875,0.4375|
0.9375,0,0|0,1,0|0.6875,0.5|
0.625,0,0|0,1,0|0.625,0.5|
0.625,0,0|0,1,0|0.625,0.5|
0.9375,0,0|0,1,0|0.6875,0.5|
0.9375,0,-0.375|0,1,0|0.6875,0.5625|
0.625,0,-0.375|0,1,0|0.625,0.5625|
0.625,0,-0.375|0,1,0|0.625,0.5625|
0.9375,0,-0.375|0,1,0|0.6875,0.5625|
0.9375,0,-0.75|0,1,0|0.6875,0.625|
0.625,0,-0.75|0,1,0|0.625,0.625|
0.625,0,-0.75|0,1,0|0.625,0.625|
0.9375,0,-0.75|0,1,0|0.6875,0.625|
0.9375,0,-1.125|0,1,0|0.6875,0.6875|
0.625,0,-1.125|0,1,0|0.625,0.6875|
0.625,0,-1.125|0,1,0|0.625,0.6875|
0.9375,0,-1.125|0,1,0|0.6875,0.6875|
0.9375,0,-1.5|0,1,0|0.6875,0.75|
0.625,0,-1.5|0,1,0|0.625,0.75|
0.625,0,-1.5|0,1,0|0.625,0.75|
0.9375,0,-1.5|0,1,0|0.6875,0.75|
0.9375,0,-1.875|0,1,0|0.6875,0.8125|
0.625,0,-1.875|0,1,0|0.625,0.8125|
0.625,0,-1.875|0,1,0|0.625,0.8125|
0.9375,0,-1.875|0,1,0|0.6875,0.8125|
0.9375,0,-2.25|0,1,0|0.6875,0.875|
0.625,0,-2.25|0,1,0|0.625,0.875|
0.625,0,-2.25|0,1,0|0.625,0.875|
0.9375,0,-2.25|0,1,0|0.6875,0.875|
0.9375,0,-2.625|0,1,0|0.6875,0.9375|
0.625,0,-2.625|0,1,0|0.625,0.9375|
0.625,0,-2.625|0,1,0|0.625,0.9375|
0.9375,0,-2.625|0,1,0|0.6875,0.9375|
0.9375,0,-3|0,1,0|0.6875,1|
0.625,0,-3|0,1,0|0.625,1|
0.9375,0,3|0,1,0|0.6875,0|
1.25,0,3|0,1,0|0.75,0|
1.25,0,2.625|0,1,0|0.75,0.0625|
0.9375,0,2.625|0,1,0|0.6875,0.0625|
0.9375,0,2.625|0,1,0|0.6875,0.0625|
1.25,0,2.625|0,1,0|0.75,0.0625|
1.25,0,2.25|0,1,0|0.75,0.125|
0.9375,0,2.25|0,1,0|0.6875,0.125|
0.9375,0,2.25|0,1,0|0.6875,0.125|
1.25,0,2.25|0,1,0|0.75,0.125|
1.25,0,1.875|0,1,0|0.75,0.1875|
0.9375,0,1.875|0,1,0|0.6875,0.1875|
0.9375,0,1.875|0,1,0|0.6875,0.1875|
1.25,0,1.875|0,1,0|0.75,0.1875|
1.25,0,1.5|0,1,0|0.75,0.25|
0.9375,0,1.5|0,1,0|0.6875,0.25|
0.9375,0,1.5|0,1,0|0.6875,0.25|
1.25,0,1.5|0,1,0|0.75,0.25|
1.25,0,1.125|0,1,0|0.75,0.3125|
0.9375,0,1.125|0,1,0|0.6875,0.3125|
0.9375,0,1.125|0,1,0|0.6875,0.3125|
1.25,0,1.125|0,1,0|0.75,0.3125|
1.25,0,0.75|0,1,0|0.75,0.375|
0.9375,0,0.75|0,1,0|0.6875,0.375|
0.9375,0,0.75|0,1,0|0.6875,0.375|
1.25,0,0.75|0,1,0|0.75,0.375|
1.25,0,0.375|0,1,0|0.75,0.4375|
0.9375,0,0.375|0,1,0|0.6875,0.4375|
0.9375,0,0.375|0,1,0|0.6875,0.4375|
1.25,0,0.375|0,1,0|0.75,0.4375|
1.25,0,0|0,1,0|0.75,0.5|
0.9375,0,0|0,1,0|0.6875,0.5|
0.9375,0,0|0,1,0|0.6875,0.5|
1.25,0,0|0,1,0|0.75,0.5|
1.25,0,-0.375|0,1,0|0.75,0.5625|
0.9375,0,-0.375|0,1,0|0.6875,0.5625|
0.9375,0,-0.375|0,1,0|0.6875,0.5625|
1.25,0,-0.375|0,1,0|0.75,0.5625|
1.25,0,-0.75|0,1,0|0.75,0.625|
0.9375,0,-0.75|0,1,0|0.6875,0.625|
0.9375,0,-0.75|0,1,0|0.6875,0.625|
1.25,0,-0.75|0,1,0|0.75,0.625|
1.25,0,-1.125|0,1,0|0.75,0.6875|
0.9375,0,-1.125|0,1,0|0.6875,0.6875|
0.9375,0,-1.125|0,1,0|0.6875,0.6875|
1.25,0,-1.125|0,1,0|0.75,0.6875|
1.25,0,-1.5|0,1,0|0.75,0.75|
0.9375,0,-1.5|0,1,0|0.6875,0.75|
0.9375,0,-1.5|0,1,0|0.6875,0.75|
1.25,0,-1.5|0,1,0|0.75,0.75|
1.25,0,-1.875|0,1,0|0.75,0.8125|
0.9375,0,-1.875|0,1,0|0.6875,0.8125|
0.9375,0,-1.875|0,1,0|0.6875,0.8125|
1.25,0,-1.875|0,1,0|0.75,0.8125|
1.25,0,-2.25|0,1,0|0.75,0.875|
0.9375,0,-2.25|0,1,0|0.6875,0.875|
0.9375,0,-2.25|0,1,0|0.6875,0.875|
1.25,0,-2.25|0,1,0|0.75,0.875|
1.25,0,-2.625|0,1,0|0.75,0.9375|
0.9375,0,-2.625|0,1,0|0.6875,0.9375|
0.9375,0,-2.625|0,1,0|0.6875,0.9375|
1.25,0,-2.625|0,1,0|0.75,0.9375|
1.25,0,-3|0,1,0|0.75,1|
0.9375,0,-3|0,1,0|0.6875,1|
1.25,0,3|0,1,0|0.75,0|
1.5625,0,3|0,1,0|0.8125,0|
1.5625,0,2.625|0,1,0|0.8125,0.0625|
1.25,0,2.625|0,1,0|0.75,0.0625|
1.25,0,2.625|0,1,0|0.75,0.0625|
1.5625,0,2.625|0,1,0|0.8125,0.0625|
1.5625,0,2.25|0,1,0|0.8125,0.125|
1.25,0,2.25|0,1,0|0.75,0.125|
1.25,0,2.25|0,1,0|0.75,0.125|
1.5625,0,2.25|0,1,0|0.8125,0.125|
1.5625,0,1.875|0,1,0|0.8125,0.1875|
1.25,0,1.875|0,1,0|0.75,0.1875|
1.25,0,1.875|0,1,0|0.75,0.1875|
1.5625,0,1.875|0,1,0|0.8125,0.1875|
1.5625,0,1.5|0,1,0|0.8125,0.25|
1.25,0,1.5|0,1,0|0.75,0.25|
1.25,0,1.5|0,1,0|0.75,0.25|
1.5625,0,1.5|0,1,0|0.8125,0.25|
1.5625,0,1.125|0,1,0|0.8125,0.3125|
1.25,0,1.125|0,1,0|0.75,0.3125|
1.25,0,1.125|0,1,0|0.75,0.3125|
1.5625,0,1.125|0,1,0|0.8125,0.3125|
1.5625,0,0.75|0,1,0|0.8125,0.375|
1.25,0,0.75|0,1,0|0.75,0.375|
1.25,0,0.75|0,1,0|0.75,0.375|
1.5625,0,0.75|0,1,0|0.8125,0.375|
1.5625,0,0.375|0,1,0|0.8125,0.4375|
1.25,0,0.375|0,1,0|0.75,0.4375|
1.25,0,0.375|0,1,0|0.75,0.4375|
1.5625,0,0.375|0,1,0|0.8125,0.4375|
1.5625,0,0|0,1,0|0.8125,0.5|
1.25,0,0|0,1,0|0.75,0.5|
1.25,0,0|0,1,0|0.75,0.5|
1.5625,0,0|0,1,0|0.8125,0.5|
1.5625,0,-0.375|0,1,0|0.8125,0.5625|
1.25,0,-0.375|0,1,0|0.75,0.5625|
1.25,0,-0.375|0,1,0|0.75,0.5625|
1.5625,0,-0.375|0,1,0|0.8125,0.5625|
1.5625,0,-0.75|0,1,0|0.8125,0.625|
1.25,0,-0.75|0,1,0|0.75,0.625|
1.25,0,-0.75|0,1,0|0.75,0.625|
1.5625,0,-0.75|0,1,0|0.8125,0.625|
1.5625,0,-1.125|0,1,0|0.8125,0.6875|
1.25,0,-1.125|0,1,0|0.75,0.6875|
1.25,0,-1.125|0,1,0|0.75,0.6875|
1.5625,0,-1.125|0,1,0|0.8125,0.6875|
1.5625,0,-1.5|0,1,0|0.8125,0.75|
1.25,0,-1.5|0,1,0|0.75,0.75|
1.25,0,-1.5|0,1,0|0.75,0.75|
1.5625,0,-1.5|0,1,0|0.8125,0.75|
1.5625,0,-1.875|0,1,0|0.8125,0.8125|
1.25,0,-1.875|0,1,0|0.75,0.8125|
1.25,0,-1.875|0,1,0|0.75,0.8125|
1.5625,0,-1.875|0,1,0|0.8125,0.8125|
1.5625,0,-2.25|0,1,0|0.8125,0.875|
1.25,0,-2.25|0,1,0|0.75,0.875|
1.25,0,-2.25|0,1,0|0.75,0.875|
1.5625,0,-2.25|0,1,0|0.8125,0.875|
1.5625,0,-2.625|0,1,0|0.8125,0.9375|
1.25,0,-2.625|0,1,0|0.75,0.9375|
1.25,0,-2.625|0,1,0|0.75,0.9375|
1.5625,0,-2.625|0,1,0|0.8125,0.9375|
1.5625,0,-3|0,1,0|0.8125,1|
1.25,0,-3|0,1,0|0.75,1|
1.5625,0,3|0,1,0|0.8125,0|
1.875,0,3|0,1,0|0.875,0|
1.875,0,2.625|0,1,0|0.875,0.0625|
1.5625,0,2.625|0,1,0|0.8125,0.0625|
1.5625,0,2.625|0,1,0|0.8125,0.0625|
1.875,0,2.625|0,1,0|0.875,0.0625|
1.875,0,2.25|0,1,0|0.875,0.125|
1.5625,0,2.25|0,1,0|0.8125,0.125|
1.5625,0,2.25|0,1,0|0.8125,0.125|
1.875,0,2.25|0,1,0|0.875,0.125|
1.875,0,1.875|0,1,0|0.875,0.1875|
1.5625,0,1.875|0,1,0|0.8125,0.1875|
1.5625,0,1.875|0,1,0|0.8125,0.1875|
1.875,0,1.875|0,1,0|0.875,0.1875|
1.875,0,1.5|0,1,0|0.875,0.25|
1.5625,0,1.5|0,1,0|0.8125,0.25|
1.5625,0,1.5|0,1,0|0.8125,0.25|
1.875,0,1.5|0,1,0|0.875,0.25|
1.875,0,1.125|0,1,0|0.875,0.3125|
1.5625,0,1.125|0,1,0|0.8125,0.3125|
1.5625,0,1.125|0,1,0|0.8125,0.3125|
1.875,0,1.125|0,1,0|0.875,0.3125|
1.875,0,0.75|0,1,0|0.875,0.375|
1.5625,0,0.75|0,1,0|0.8125,0.375|
1.5625,0,0.75|0,1,0|0.8125,0.375|
1.875,0,0.75|0,1,0|0.875,0.375|
1.875,0,0.375|0,1,0|0.875,0.4375|
1.5625,0,0.375|0,1,0|0.8125,0.4375|
1.5625,0,0.375|0,1,0|0.8125,0.4375|
1.875,0,0.375|0,1,0|0.875,0.4375|
1.875,0,0|0,1,0|0.875,0.5|
1.5625,0,0|0,1,0|0.8125,0.5|
1.5625,0,0|0,1,0|0.8125,0.5|
1.875,0,0|0,1,0|0.875,0.5|
1.875,0,-0.375|0,1,0|0.875,0.5625|
1.5625,0,-0.375|0,1,0|0.8125,0.5625|
1.5625,0,-0.375|0,1,0|0.8125,0.5625|
1.875,0,-0.375|0,1,0|0.875,0.5625|
1.875,0,-0.75|0,1,0|0.875,0.625|
1.5625,0,-0.75|0,1,0|0.8125,0.625|
1.5625,0,-0.75|0,1,0|0.8125,0.625|
1.875,0,-0.75|0,1,0|0.875,0.625|
1.875,0,-1.125|0,1,0|0.875,0.6875|
1.5625,0,-1.125|0,1,0|0.8125,0.6875|
1.5625,0,-1.125|0,1,0|0.8125,0.6875|
1.875,0,-1.125|0,1,0|0.875,0.6875|
1.875,0,-1.5|0,1,0|0.875,0.75|
1.5625,0,-1.5|0,1,0|0.8125,0.75|
1.5625,0,-1.5|0,1,0|0.8125,0.75|
1.875,0,-1.5|0,1,0|0.875,0.75|
1.875,0,-1.875|0,1,0|0.875,0.8125|
1.5625,0,-1.875|0,1,0|0.8125,0.8125|
1.5625,0,-1.875|0,1,0|0.8125,0.8125|
1.875,0,-1.875|0,1,0|0.875,0.8125|
1.875,0,-2.25|0,1,0|0.875,0.875|
1.5625,0,-2.25|0,1,0|0.8125,0.875|
1.5625,0,-2.25|0,1,0|0.8125,0.875|
1.875,0,-2.25|0,1,0|0.875,0.875|
1.875,0,-2.625|0,1,0|0.875,0.9375|
1.5625,0,-2.625|0,1,0|0.8125,0.9375|
1.5625,0,-2.625|0,1,0|0.8125,0.9375|
1.875,0,-2.625|0,1,0|0.875,0.9375|
1.875,0,-3|0,1,0|0.875,1|
1.5625,0,-3|0,1,0|0.8125,1|
1.875,0,3|0,1,0|0.875,0|
2.1875,0,3|0,1,0|0.9375,0|
2.1875,0,2.625|0,1,0|0.9375,0.0625|
1.875,0,2.625|0,1,0|0.875,0.0625|
1.875,0,2.625|0,1,0|0.875,0.0625|
2.1875,0,2.625|0,1,0|0.9375,0.0625|
2.1875,0,2.25|0,1,0|0.9375,0.125|
1.875,0,2.25|0,1,0|0.875,0.125|
1.875,0,2.25|0,1,0|0.875,0.125|
2.1875,0,2.25|0,1,0|0.9375,0.125|
2.1875,0,1.875|0,1,0|0.9375,0.1875|
1.875,0,1.875|0,1,0|0.875,0.1875|
1.875,0,1.875|0,1,0|0.875,0.1875|
2.1875,0,1.875|0,1,0|0.9375,0.1875|
2.1875,0,1.5|0,1,0|0.9375,0.25|
1.875,0,1.5|0,1,0|0.875,0.25|
1.875,0,1.5|0,1,0|0.875,0.25|
2.1875,0,1.5|0,1,0|0.9375,0.25|
2.1875,0,1.125|0,1,0|0.9375,0.3125|
1.875,0,1.125|0,1,0|0.875,0.3125|
1.875,0,1.125|0,1,0|0.875,0.3125|
2.1875,0,1.125|0,1,0|0.9375,0.3125|
2.1875,0,0.75|0,1,0|0.9375,0.375|
1.875,0,0.75|0,1,0|0.875,0.375|
1.875,0,0.75|0,1,0|0.875,0.375|
2.1875,0,0.75|0,1,0|0.9375,0.375|
2.1875,0,0.375|0,1,0|0.9375,0.4375|
1.875,0,0.375|0,1,0|0.875,0.4375|
1.875,0,0.375|0,1,0|0.875,0.4375|
2.1875,0,0.375|0,1,0|0.9375,0.4375|
2.1875,0,0|0,1,0|0.9375,0.5|
1.875,0,0|0,1,0|0.875,0.5|
1.875,0,0|0,1,0|0.875,0.5|
2.1875,0,0|0,1,0|0.9375,0.5|
2.1875,0,-0.375|0,1,0|0.9375,0.5625|
1.875,0,-0.375|0,1,0|0.875,0.5625|
1.875,0,-0.375|0,1,0|0.875,0.5625|
2.1875,0,-0.375|0,1,0|0.9375,0.5625|
2.1875,0,-0.75|0,1,0|0.9375,0.625|
1.875,0,-0.75|0,1,0|0.875,0.625|
1.875,0,-0.75|0,1,0|0.875,0.625|
2.1875,0,-0.75|0,1,0|0.9375,0.625|
2.1875,0,-1.125|0,1,0|0.9375,0.6875|
1.875,0,-1.125|0,1,0|0.875,0.6875|
1.875,0,-1.125|0,1,0|0.875,0.6875|
2.1875,0,-1.125|0,1,0|0.9375,0.6875|
2.1875,0,-1.5|0,1,0|0.9375,0.75|
1.875,0,-1.5|0,1,0|0.875,0.75|
1.875,0,-1.5|0,1,0|0.875,0.75|
2.1875,0,-1.5|0,1,0|0.9375,0.75|
2.1875,0,-1.875|0,1,0|0.9375,0.8125|
1.875,0,-1.875|0,1,0|0.875,0.8125|
1.875,0,-1.875|0,1,0|0.875,0.8125|
2.1875,0,-1.875|0,1,0|0.9375,0.8125|
2.1875,0,-2.25|0,1,0|0.9375,0.875|
1.875,0,-2.25|0,1,0|0.875,0.875|
1.875,0,-2.25|0,1,0|0.875,0.875|
2.1875,0,-2.25|0,1,0|0.9375,0.875|
2.1875,0,-2.625|0,1,0|0.9375,0.9375|
1.875,0,-2.625|0,1,0|0.875,0.9375|
1.875,0,-2.625|0,1,0|0.875,0.9375|
2.1875,0,-2.625|0,1,0|0.9375,0.9375|
2.1875,0,-3|0,1,0|0.9375,1|
1.875,0,-3|0,1,0|0.875,1|
2.1875,0,3|0,1,0|0.9375,0|
2.5,0,3|0,1,0|1,0|
2.5,0,2.625|0,1,0|1,0.0625|
2.1875,0,2.625|0,1,0|0.9375,0.0625|
2.1875,0,2.625|0,1,0|0.9375,0.0625|
2.5,0,2.625|0,1,0|1,0.0625|
2.5,0,2.25|0,1,0|1,0.125|
2.1875,0,2.25|0,1,0|0.9375,0.125|
2.1875,0,2.25|0,1,0|0.9375,0.125|
2.5,0,2.25|0,1,0|1,0.125|
2.5,0,1.875|0,1,0|1,0.1875|
2.1875,0,1.875|0,1,0|0.9375,0.1875|
2.1875,0,1.875|0,1,0|0.9375,0.1875|
2.5,0,1.875|0,1,0|1,0.1875|
2.5,0,1.5|0,1,0|1,0.25|
2.1875,0,1.5|0,1,0|0.9375,0.25|
2.1875,0,1.5|0,1,0|0.9375,0.25|
2.5,0,1.5|0,1,0|1,0.25|
2.5,0,1.125|0,1,0|1,0.3125|
2.1875,0,1.125|0,1,0|0.9375,0.3125|
2.1875,0,1.125|0,1,0|0.9375,0.3125|
2.5,0,1.125|0,1,0|1,0.3125|
2.5,0,0.75|0,1,0|1,0.375|
2.1875,0,0.75|0,1,0|0.9375,0.375|
2.1875,0,0.75|0,1,0|0.9375,0.375|
2.5,0,0.75|0,1,0|1,0.375|
2.5,0,0.375|0,1,0|1,0.4375|
2.1875,0,0.375|0,1,0|0.9375,0.4375|
2.1875,0,0.375|0,1,0|0.9375,0.4375|
2.5,0,0.375|0,1,0|1,0.4375|
2.5,0,0|0,1,0|1,0.5|
2.1875,0,0|0,1,0|0.9375,0.5|
2.1875,0,0|0,1,0|0.9375,0.5|
2.5,0,0|0,1,0|1,0.5|
2.5,0,-0.375|0,1,0|1,0.5625|
2.1875,0,-0.375|0,1,0|0.9375,0.5625|
2.1875,0,-0.375|0,1,0|0.9375,0.5625|
2.5,0,-0.375|0,1,0|1,0.5625|
2.5,0,-0.75|0,1,0|1,0.625|
2.1875,0,-0.75|0,1,0|0.9375,0.625|
2.1875,0,-0.75|0,1,0|0.9375,0.625|
2.5,0,-0.75|0,1,0|1,0.625|
2.5,0,-1.125|0,1,0|1,0.6875|
2.1875,0,-1.125|0,1,0|0.9375,0.6875|
2.1875,0,-1.125|0,1,0|0.9375,0.6875|
2.5,0,-1.125|0,1,0|1,0.6875|
2.5,0,-1.5|0,1,0|1,0.75|
2.1875,0,-1.5|0,1,0|0.9375,0.75|
2.1875,0,-1.5|0,1,0|0.9375,0.75|
2.5,0,-1.5|0,1,0|1,0.75|
2.5,0,-1.875|0,1,0|1,0.8125|
2.1875,0,-1.875|0,1,0|0.9375,0.8125|
2.1875,0,-1.875|0,1,0|0.9375,0.8125|
2.5,0,-1.875|0,1,0|1,0.8125|
2.5,0,-2.25|0,1,0|1,0.875|
2.1875,0,-2.25|0,1,0|0.9375,0.875|
2.1875,0,-2.25|0,1,0|0.9375,0.875|
2.5,0,-2.25|0,1,0|1,0.875|
2.5,0,-2.625|0,1,0|1,0.9375|
2.1875,0,-2.625|0,1,0|0.9375,0.9375|
2.1875,0,-2.625|0,1,0|0.9375,0.9375|
2.5,0,-2.625|0,1,0|1,0.9375|
2.5,0,-3|0,1,0|1,1|
2.1875,0,-3|0,1,0|0.9375,1|
3072
0,1,2,0,2,3,0,2,1,0,3,2,4,5,6,4,6,7,4,6,5,4,7,6,8,9,10,8,10,11,8,10,9,8,11,10,12,13,14,12,14,15,12,14,13,12,15,14,16,17,18,16,18,19,16,18,17,16,19,18,20,21,22,20,22,23,20,22,21,20,23,22,24,25,26,24,26,27,24,26,25,24,27,26,28,29,30,28,30,31,28,30,29,28,31,30,32,33,34,32,34,35,32,34,33,32,35,34,36,37,38,36,38,39,36,38,37,36,39,38,40,41,42,40,42,43,40,42,41,40,43,42,44,45,46,44,46,47,44,46,45,44,47,46,48,49,50,48,50,51,48,50,49,48,51,50,52,53,54,52,54,55,52,54,53,52,55,54,56,57,58,56,58,59,56,58,57,56,59,58,60,61,62,60,62,63,60,62,61,60,63,62,64,65,66,64,66,67,64,66,65,64,67,66,68,69,70,68,70,71,68,70,69,68,71,70,72,73,74,72,74,75,72,74,73,72,75,74,76,77,78,76,78,79,76,78,77,76,79,78,80,81,82,80,82,83,80,82,81,80,83,82,84,85,86,84,86,87,84,86,85,84,87,86,88,89,90,88,90,91,88,90,89,88,91,90,92,93,94,92,94,95,92,94,93,92,95,94,96,97,98,96,98,99,96,98,97,96,99,98,100,101,102,100,102,103,100,102,101,100,103,102,104,105,106,104,106,107,104,106,105,104,107,106,108,109,110,108,110,111,108,110,109,108,111,110,112,113,114,112,114,115,112,114,113,112,115,114,116,117,118,116,118,119,116,118,117,116,119,118,120,121,122,120,122,123,120,122,121,120,123,122,124,125,126,124,126,127,124,126,125,124,127,126,128,129,130,128,130,131,128,130,129,128,131,130,132,133,134,132,134,135,132,134,133,132,135,134,136,137,138,136,138,139,136,138,137,136,139,138,140,141,142,140,142,143,140,142,141,140,143,142,144,145,146,144,146,147,144,146,145,144,147,146,148,149,150,148,150,151,148,150,149,148,151,150,152,153,154,152,154,155,152,154,153,152,155,154,156,157,158,156,158,159,156,158,157,156,159,158,160,161,162,160,162,163,160,162,161,160,163,162,164,165,166,164,166,167,164,166,165,164,167,166,168,169,170,168,170,171,168,170,169,168,171,170,172,173,174,172,174,175,172,174,173,172,175,174,176,177,178,176,178,179,176,178,177,176,179,178,180,181,182,180,182,183,180,182,181,180,183,182,184,185,186,184,186,187,184,186,185,184,187,186,188,189,190,188,190,191,188,190,189,188,191,190,192,193,194,192,194,195,192,194,193,192,195,194,196,197,198,196,198,199,196,198,197,196,199,198,200,201,202,200,202,203,200,202,201,200,203,202,204,205,206,204,206,207,204,206,205,204,207,206,208,209,210,208,210,211,208,210,209,208,211,210,212,213,214,212,214,215,212,214,213,212,215,214,216,217,218,216,218,219,216,218,217,216,219,218,220,221,222,220,222,223,220,222,221,220,223,222,224,225,226,224,226,227,224,226,225,224,227,226,228,229,230,228,230,231,228,230,229,228,231,230,232,233,234,232,234,235,232,234,233,232,235,234,236,237,238,236,238,239,236,238,237,236,239,238,240,241,242,240,242,243,240,242,241,240,243,242,244,245,246,244,246,247,244,246,245,244,247,246,248,249,250,248,250,251,248,250,249,248,251,250,252,253,254,252,254,255,252,254,253,252,255,254,256,257,258,256,258,259,256,258,257,256,259,258,260,261,262,260,262,263,260,262,261,260,263,262,264,265,266,264,266,267,264,266,265,264,267,266,268,269,270,268,270,271,268,270,269,268,271,270,272,273,274,272,274,275,272,274,273,272,275,274,276,277,278,276,278,279,276,278,277,276,279,278,280,281,282,280,282,283,280,282,281,280,283,282,284,285,286,284,286,287,284,286,285,284,287,286,288,289,290,288,290,291,288,290,289,288,291,290,292,293,294,292,294,295,292,294,293,292,295,294,296,297,298,296,298,299,296,298,297,296,299,298,300,301,302,300,302,303,300,302,301,300,303,302,304,305,306,304,306,307,304,306,305,304,307,306,308,309,310,308,310,311,308,310,309,308,311,310,312,313,314,312,314,315,312,314,313,312,315,314,316,317,318,316,318,319,316,318,317,316,319,318,320,321,322,320,322,323,320,322,321,320,323,322,324,325,326,324,326,327,324,326,325,324,327,326,328,329,330,328,330,331,328,330,329,328,331,330,332,333,334,332,334,335,332,334,333,332,335,334,336,337,338,336,338,339,336,338,337,336,339,338,340,341,342,340,342,343,340,342,341,340,343,342,344,345,346,344,346,347,344,346,345,344,347,346,348,349,350,348,350,351,348,350,349,348,351,350,352,353,354,352,354,355,352,354,353,352,355,354,356,357,358,356,358,359,356,358,357,356,359,358,360,361,362,360,362,363,360,362,361,360,363,362,364,365,366,364,366,367,364,366,365,364,367,366,368,369,370,368,370,371,368,370,369,368,371,370,372,373,374,372,374,375,372,374,373,372,375,374,376,377,378,376,378,379,376,378,377,376,379,378,380,381,382,380,382,383,380,382,381,380,383,382,384,385,386,384,386,387,384,386,385,384,387,386,388,389,390,388,390,391,388,390,389,388,391,390,392,393,394,392,394,395,392,394,393,392,395,394,396,397,398,396,398,399,396,398,397,396,399,398,400,401,402,400,402,403,400,402,401,400,403,402,404,405,406,404,406,407,404,406,405,404,407,406,408,409,410,408,410,411,408,410,409,408,411,410,412,413,414,412,414,415,412,414,413,412,415,414,416,417,418,416,418,419,416,418,417,416,419,418,420,421,422,420,422,423,420,422,421,420,423,422,424,425,426,424,426,427,424,426,425,424,427,426,428,429,430,428,430,431,428,430,429,428,431,430,432,433,434,432,434,435,432,434,433,432,435,434,436,437,438,436,438,439,436,438,437,436,439,438,440,441,442,440,442,443,440,442,441,440,443,442,444,445,446,444,446,447,444,446,445,444,447,446,448,449,450,448,450,451,448,450,449,448,451,450,452,453,454,452,454,455,452,454,453,452,455,454,456,457,458,456,458,459,456,458,457,456,459,458,460,461,462,460,462,463,460,462,461,460,463,462,464,465,466,464,466,467,464,466,465,464,467,466,468,469,470,468,470,471,468,470,469,468,471,470,472,473,474,472,474,475,472,474,473,472,475,474,476,477,478,476,478,479,476,478,477,476,479,478,480,481,482,480,482,483,480,482,481,480,483,482,484,485,486,484,486,487,484,486,485,484,487,486,488,489,490,488,490,491,488,490,489,488,491,490,492,493,494,492,494,495,492,494,493,492,495,494,496,497,498,496,498,499,496,498,497,496,499,498,500,501,502,500,502,503,500,502,501,500,503,502,504,505,506,504,506,507,504,506,505,504,507,506,508,509,510,508,510,511,508,510,509,508,511,510,512,513,514,512,514,515,512,514,513,512,515,514,516,517,518,516,518,519,516,518,517,516,519,518,520,521,522,520,522,523,520,522,521,520,523,522,524,525,526,524,526,527,524,526,525,524,527,526,528,529,530,528,530,531,528,530,529,528,531,530,532,533,534,532,534,535,532,534,533,532,535,534,536,537,538,536,538,539,536,538,537,536,539,538,540,541,542,540,542,543,540,542,541,540,543,542,544,545,546,544,546,547,544,546,545,544,547,546,548,549,550,548,550,551,548,550,549,548,551,550,552,553,554,552,554,555,552,554,553,552,555,554,556,557,558,556,558,559,556,558,557,556,559,558,560,561,562,560,562,563,560,562,561,560,563,562,564,565,566,564,566,567,564,566,565,564,567,566,568,569,570,568,570,571,568,570,569,568,571,570,572,573,574,572,574,575,572,574,573,572,575,574,576,577,578,576,578,579,576,578,577,576,579,578,580,581,582,580,582,583,580,582,581,580,583,582,584,585,586,584,586,587,584,586,585,584,587,586,588,589,590,588,590,591,588,590,589,588,591,590,592,593,594,592,594,595,592,594,593,592,595,594,596,597,598,596,598,599,596,598,597,596,599,598,600,601,602,600,602,603,600,602,601,600,603,602,604,605,606,604,606,607,604,606,605,604,607,606,608,609,610,608,610,611,608,610,609,608,611,610,612,613,614,612,614,615,612,614,613,612,615,614,616,617,618,616,618,619,616,618,617,616,619,618,620,621,622,620,622,623,620,622,621,620,623,622,624,625,626,624,626,627,624,626,625,624,627,626,628,629,630,628,630,631,628,630,629,628,631,630,632,633,634,632,634,635,632,634,633,632,635,634,636,637,638,636,638,639,636,638,637,636,639,638,640,641,642,640,642,643,640,642,641,640,643,642,644,645,646,644,646,647,644,646,645,644,647,646,648,649,650,648,650,651,648,650,649,648,651,650,652,653,654,652,654,655,652,654,653,652,655,654,656,657,658,656,658,659,656,658,657,656,659,658,660,661,662,660,662,663,660,662,661,660,663,662,664,665,666,664,666,667,664,666,665,664,667,666,668,669,670,668,670,671,668,670,669,668,671,670,672,673,674,672,674,675,672,674,673,672,675,674,676,677,678,676,678,679,676,678,677,676,679,678,680,681,682,680,682,683,680,682,681,680,683,682,684,685,686,684,686,687,684,686,685,684,687,686,688,689,690,688,690,691,688,690,689,688,691,690,692,693,694,692,694,695,692,694,693,692,695,694,696,697,698,696,698,699,696,698,697,696,699,698,700,701,702,700,702,703,700,702,701,700,703,702,704,705,706,704,706,707,704,706,705,704,707,706,708,709,710,708,710,711,708,710,709,708,711,710,712,713,714,712,714,715,712,714,713,712,715,714,716,717,718,716,718,719,716,718,717,716,719,718,720,721,722,720,722,723,720,722,721,720,723,722,724,725,726,724,726,727,724,726,725,724,727,726,728,729,730,728,730,731,728,730,729,728,731,730,732,733,734,732,734,735,732,734,733,732,735,734,736,737,738,736,738,739,736,738,737,736,739,738,740,741,742,740,742,743,740,742,741,740,743,742,744,745,746,744,746,747,744,746,745,744,747,746,748,749,750,748,750,751,748,750,749,748,751,750,752,753,754,752,754,755,752,754,753,752,755,754,756,757,758,756,758,759,756,758,757,756,759,758,760,761,762,760,762,763,760,762,761,760,763,762,764,765,766,764,766,767,764,766,765,764,767,766,768,769,770,768,770,771,768,770,769,768,771,770,772,773,774,772,774,775,772,774,773,772,775,774,776,777,778,776,778,779,776,778,777,776,779,778,780,781,782,780,782,783,780,782,781,780,783,782,784,785,786,784,786,787,784,786,785,784,787,786,788,789,790,788,790,791,788,790,789,788,791,790,792,793,794,792,794,795,792,794,793,792,795,794,796,797,798,796,798,799,796,798,797,796,799,798,800,801,802,800,802,803,800,802,801,800,803,802,804,805,806,804,806,807,804,806,805,804,807,806,808,809,810,808,810,811,808,810,809,808,811,810,812,813,814,812,814,815,812,814,813,812,815,814,816,817,818,816,818,819,816,818,817,816,819,818,820,821,822,820,822,823,820,822,821,820,823,822,824,825,826,824,826,827,824,826,825,824,827,826,828,829,830,828,830,831,828,830,829,828,831,830,832,833,834,832,834,835,832,834,833,832,835,834,836,837,838,836,838,839,836,838,837,836,839,838,840,841,842,840,842,843,840,842,841,840,843,842,844,845,846,844,846,847,844,846,845,844,847,846,848,849,850,848,850,851,848,850,849,848,851,850,852,853,854,852,854,855,852,854,853,852,855,854,856,857,858,856,858,859,856,858,857,856,859,858,860,861,862,860,862,863,860,862,861,860,863,862,864,865,866,864,866,867,864,866,865,864,867,866,868,869,870,868,870,871,868,870,869,868,871,870,872,873,874,872,874,875,872,874,873,872,875,874,876,877,878,876,878,879,876,878,877,876,879,878,880,881,882,880,882,883,880,882,881,880,883,882,884,885,886,884,886,887,884,886,885,884,887,886,888,889,890,888,890,891,888,890,889,888,891,890,892,893,894,892,894,895,892,894,893,892,895,894,896,897,898,896,898,899,896,898,897,896,899,898,900,901,902,900,902,903,900,902,901,900,903,902,904,905,906,904,906,907,904,906,905,904,907,906,908,909,910,908,910,911,908,910,909,908,911,910,912,913,914,912,914,915,912,914,913,912,915,914,916,917,918,916,918,919,916,918,917,916,919,918,920,921,922,920,922,923,920,922,921,920,923,922,924,925,926,924,926,927,924,926,925,924,927,926,928,929,930,928,930,931,928,930,929,928,931,930,932,933,934,932,934,935,932,934,933,932,935,934,936,937,938,936,938,939,936,938,937,936,939,938,940,941,942,940,942,943,940,942,941,940,943,942,944,945,946,944,946,947,944,946,945,944,947,946,948,949,950,948,950,951,948,950,949,948,951,950,952,953,954,952,954,955,952,954,953,952,955,954,956,957,958,956,958,959,956,958,957,956,959,958,960,961,962,960,962,963,960,962,961,960,963,962,964,965,966,964,966,967,964,966,965,964,967,966,968,969,970,968,970,971,968,970,969,968,971,970,972,973,974,972,974,975,972,974,973,972,975,974,976,977,978,976,978,979,976,978,977,976,979,978,980,981,982,980,982,983,980,982,981,980,983,982,984,985,986,984,986,987,984,986,985,984,987,986,988,989,990,988,990,991,988,990,989,988,991,990,992,993,994,992,994,995,992,994,993,992,995,994,996,997,998,996,998,999,996,998,997,996,999,998,1000,1001,1002,1000,1002,1003,1000,1002,1001,1000,1003,1002,1004,1005,1006,1004,1006,1007,1004,1006,1005,1004,1007,1006,1008,1009,1010,1008,1010,1011,1008,1010,1009,1008,1011,1010,1012,1013,1014,1012,1014,1015,1012,1014,1013,1012,1015,1014,1016,1017,1018,1016,1018,1019,1016,1018,1017,1016,1019,1018,1020,1021,1022,1020,1022,1023,1020,1022,1021,1020,1023,1022,
